function [ z ] = PoD6_Data
% Data for PoD 6 in CEE 536
      z = [0.00	5.372
           0.15	4.369
           0.30	3.821
           0.45	2.710
           0.60	0.862
           0.75	-0.469
           0.90	-1.972
           1.05	-2.857
           1.20	-3.753
           1.35	-4.103
           1.50	-4.559
           1.65	-3.572
           1.80	-2.524
           1.95	-1.605
           2.10	-0.105
           2.25	0.599
           2.40	1.875
           2.55	3.362
           2.70	3.585
           2.85	3.906
           3.00	3.845
           3.15	2.879
           3.30	1.765
           3.45	0.848
           3.60	-0.324
           3.75	-1.070
           3.90	-2.006
           4.05	-3.014
           4.20	-2.955
           4.35	-3.087
           4.50	-3.020
           4.65	-2.280
           4.80	-1.162
           4.95	-0.538
           5.10	0.433
           5.25	1.536
           5.40	2.071
           5.55	2.324
           5.70	3.086
           5.85	2.353
           6.00	2.315
           6.15	1.743
           6.30	0.448
           6.45	-0.222
           6.60	-1.102
           6.75	-1.763
           6.90	-1.806
           7.05	-2.569
           7.20	-2.209
           7.35	-2.347
           7.50	-1.607
           7.65	-1.444
           7.80	-0.529
           7.95	0.502
           8.10	1.371
           8.25	1.478
           8.40	2.053
           8.55	1.825
           8.70	2.033
           8.85	1.979
           9.00	0.967
           9.15	0.574
           9.30	-0.181
           9.45	-1.023
           9.60	-1.120
           9.75	-1.398
           9.90	-1.854
           10.05	-1.446
           10.20	-1.822
           10.35	-1.406
           10.50	-0.488
           10.65	0.058
           10.80	-0.019
           10.95	0.642
           11.10	1.147
           11.25	1.661
           11.40	1.672
           11.55	1.692
           11.70	1.306
           11.85	1.070
           12.00	0.170
           12.15	-0.019
           12.30	-0.379
           12.45	-0.940
           12.60	-1.567
           12.75	-1.727
           12.90	-1.244
           13.05	-0.881
           13.20	-0.650
           13.35	-0.555
           13.50	-0.377
           13.65	0.404
           13.80	0.180
           13.95	1.251
           14.10	1.245
           14.25	1.085
           14.40	1.498
           14.55	0.891
           14.70	0.385
           14.85	0.380
           15.00	0.414
           15.15	-0.238
           15.30	-0.504
           15.45	-0.869
           15.60	-0.736
           15.75	-1.175
           15.90	-1.173
           16.05	-0.812
           16.20	-0.600
           16.35	0.146
           16.50	-0.203
           16.65	0.375
           16.80	0.863
           16.95	0.468
           17.10	1.161
           17.25	0.865
           17.40	1.117
           17.55	0.845
           17.70	0.394
           17.85	-0.125
           18.00	-0.620
           18.15	-0.251
           18.30	-0.941
           18.45	-0.475
           18.60	-0.909
           18.75	-0.498
           18.90	-0.219
           19.05	-0.192
           19.20	-0.459
           19.35	-0.076
           19.50	0.169
           19.65	0.815
           19.80	0.352
           19.95	1.046
           20.10	0.662
           20.25	0.822
           20.40	0.386
           20.55	0.035
           20.70	-0.022
           20.85	0.134
           21.00	-0.680
           21.15	-0.375
           21.30	-0.927
           21.45	-0.279
           21.60	-0.542
           21.75	-0.500
           21.90	-0.007
           22.05	-0.361
           22.20	-0.034
           22.35	-0.036
           22.50	0.402
           22.65	0.633
           22.80	0.192
           22.95	0.162
           23.10	0.542
           23.25	0.149
           23.40	0.025
           23.55	-0.068
           23.70	-0.377
           23.85	-0.579
           24.00	0.035
           24.15	-0.794
           24.30	-0.463
           24.45	-0.272
           24.60	-0.052
           24.75	-0.638
           24.90	0.236
           25.05	-0.289];

end

